 v-sweep         id             
 0.00000000e+00 -0.00000000e+00 
 2.00000000e-02  1.56719675e+00 
 4.00000000e-02  3.13405642e+00 
 6.00000000e-02  4.69959183e+00 
 8.00000000e-02  6.26382729e+00 
 1.00000000e-01  7.82649508e+00 
 1.20000000e-01  9.38732798e+00 
 1.40000000e-01  1.09460594e+01 
 1.60000000e-01  1.25024237e+01 
 1.80000000e-01  1.40561561e+01 
 2.00000000e-01  1.56069927e+01 
 2.20000000e-01  1.71546713e+01 
 2.40000000e-01  1.86989307e+01 
 2.60000000e-01  2.02395114e+01 
 2.80000000e-01  2.17761555e+01 
 3.00000000e-01  2.33086072e+01 
 3.20000000e-01  2.48366123e+01 
 3.40000000e-01  2.63599191e+01 
 3.60000000e-01  2.78782778e+01 
 3.80000000e-01  2.93914413e+01 
 4.00000000e-01  3.08991650e+01 
 4.20000000e-01  3.24012070e+01 
 4.40000000e-01  3.38973282e+01 
 4.60000000e-01  3.53872926e+01 
 4.80000000e-01  3.68708674e+01 
 5.00000000e-01  3.83478228e+01 
 5.20000000e-01  3.98179327e+01 
 5.40000000e-01  4.12809744e+01 
 5.60000000e-01  4.27367290e+01 
 5.80000000e-01  4.41849814e+01 
 6.00000000e-01  4.56255205e+01 
 6.20000000e-01  4.70581390e+01 
 6.40000000e-01  4.84826342e+01 
 6.60000000e-01  4.98988075e+01 
 6.80000000e-01  5.13064649e+01 
 7.00000000e-01  5.27054167e+01 
 7.20000000e-01  5.40954782e+01 
 7.40000000e-01  5.54764693e+01 
 7.60000000e-01  5.68482148e+01 
 7.80000000e-01  5.82105445e+01 
 8.00000000e-01  5.95632934e+01 
 8.20000000e-01  6.09063015e+01 
 8.40000000e-01  6.22394141e+01 
 8.60000000e-01  6.35624820e+01 
 8.80000000e-01  6.48753612e+01 
 9.00000000e-01  6.61779133e+01 
 9.20000000e-01  6.74700054e+01 
 9.40000000e-01  6.87515102e+01 
 9.60000000e-01  7.00223062e+01 
 9.80000000e-01  7.12822775e+01 
 1.00000000e+00  7.25313139e+01 
 1.02000000e+00  7.37693110e+01 
 1.04000000e+00  7.49961702e+01 
 1.06000000e+00  7.62117989e+01 
 1.08000000e+00  7.74161102e+01 
 1.10000000e+00  7.86090228e+01 
 1.12000000e+00  7.97904618e+01 
 1.14000000e+00  8.09603577e+01 
 1.16000000e+00  8.21186469e+01 
 1.18000000e+00  8.32652718e+01 
 1.20000000e+00  8.44001805e+01 
 1.22000000e+00  8.55233266e+01 
 1.24000000e+00  8.66346699e+01 
 1.26000000e+00  8.77341753e+01 
 1.28000000e+00  8.88218139e+01 
 1.30000000e+00  8.98975619e+01 
 1.32000000e+00  9.09614011e+01 
 1.34000000e+00  9.20133189e+01 
 1.36000000e+00  9.30533079e+01 
 1.38000000e+00  9.40813660e+01 
 1.40000000e+00  9.50974963e+01 
 1.42000000e+00  9.61017068e+01 
 1.44000000e+00  9.70940109e+01 
 1.46000000e+00  9.80744264e+01 
 1.48000000e+00  9.90429763e+01 
 1.50000000e+00  9.99996881e+01 
 1.52000000e+00  1.00944594e+02 
 1.54000000e+00  1.01877730e+02 
 1.56000000e+00  1.02799137e+02 
 1.58000000e+00  1.03708861e+02 
 1.60000000e+00  1.04606951e+02 
 1.62000000e+00  1.05493459e+02 
 1.64000000e+00  1.06368442e+02 
 1.66000000e+00  1.07231962e+02 
 1.68000000e+00  1.08084081e+02 
 1.70000000e+00  1.08924869e+02 
 1.72000000e+00  1.09754396e+02 
 1.74000000e+00  1.10572735e+02 
 1.76000000e+00  1.11379964e+02 
 1.78000000e+00  1.12176164e+02 
 1.80000000e+00  1.12961415e+02 
 1.82000000e+00  1.13735805e+02 
 1.84000000e+00  1.14499419e+02 
 1.86000000e+00  1.15252350e+02 
 1.88000000e+00  1.15994689e+02 
 1.90000000e+00  1.16726530e+02 
 1.92000000e+00  1.17447970e+02 
 1.94000000e+00  1.18159107e+02 
 1.96000000e+00  1.18860040e+02 
 1.98000000e+00  1.19550872e+02 
 2.00000000e+00  1.20231705e+02 
 2.02000000e+00  1.20902644e+02 
 2.04000000e+00  1.21563793e+02 
 2.06000000e+00  1.22215259e+02 
 2.08000000e+00  1.22857150e+02 
 2.10000000e+00  1.23489574e+02 
 2.12000000e+00  1.24112640e+02 
 2.14000000e+00  1.24726458e+02 
 2.16000000e+00  1.25331138e+02 
 2.18000000e+00  1.25926791e+02 
 2.20000000e+00  1.26513529e+02 
 2.22000000e+00  1.27091462e+02 
 2.24000000e+00  1.27660702e+02 
 2.26000000e+00  1.28221362e+02 
 2.28000000e+00  1.28773552e+02 
 2.30000000e+00  1.29317384e+02 
 2.32000000e+00  1.29852971e+02 
 2.34000000e+00  1.30380422e+02 
 2.36000000e+00  1.30899851e+02 
 2.38000000e+00  1.31411366e+02 
 2.40000000e+00  1.31915078e+02 
 2.42000000e+00  1.32411098e+02 
 2.44000000e+00  1.32899535e+02 
 2.46000000e+00  1.33380497e+02 
 2.48000000e+00  1.33854093e+02 
 2.50000000e+00  1.34320429e+02 
 2.52000000e+00  1.34779613e+02 
 2.54000000e+00  1.35231751e+02 
 2.56000000e+00  1.35676948e+02 
 2.58000000e+00  1.36115309e+02 
 2.60000000e+00  1.36546936e+02 
 2.62000000e+00  1.36971932e+02 
 2.64000000e+00  1.37390399e+02 
 2.66000000e+00  1.37802437e+02 
 2.68000000e+00  1.38208147e+02 
 2.70000000e+00  1.38607626e+02 
 2.72000000e+00  1.39000973e+02 
 2.74000000e+00  1.39388284e+02 
 2.76000000e+00  1.39769655e+02 
 2.78000000e+00  1.40145179e+02 
 2.80000000e+00  1.40514950e+02 
 2.82000000e+00  1.40879060e+02 
 2.84000000e+00  1.41237601e+02 
 2.86000000e+00  1.41590661e+02 
 2.88000000e+00  1.41938331e+02 
 2.90000000e+00  1.42280697e+02 
 2.92000000e+00  1.42617846e+02 
 2.94000000e+00  1.42949863e+02 
 2.96000000e+00  1.43276832e+02 
 2.98000000e+00  1.43598837e+02 
 3.00000000e+00  1.43915958e+02 
 3.02000000e+00  1.44228277e+02 
 3.04000000e+00  1.44535874e+02 
 3.06000000e+00  1.44838825e+02 
 3.08000000e+00  1.45137209e+02 
 3.10000000e+00  1.45431102e+02 
 3.12000000e+00  1.45720578e+02 
 3.14000000e+00  1.46005711e+02 
 3.16000000e+00  1.46286573e+02 
 3.18000000e+00  1.46563237e+02 
 3.20000000e+00  1.46835772e+02 
 3.22000000e+00  1.47104247e+02 
 3.24000000e+00  1.47368732e+02 
 3.26000000e+00  1.47629292e+02 
 3.28000000e+00  1.47885994e+02 
 3.30000000e+00  1.48138902e+02 
 3.32000000e+00  1.48388081e+02 
 3.34000000e+00  1.48633593e+02 
 3.36000000e+00  1.48875499e+02 
 3.38000000e+00  1.49113862e+02 
 3.40000000e+00  1.49348740e+02 
 3.42000000e+00  1.49580191e+02 
 3.44000000e+00  1.49808274e+02 
 3.46000000e+00  1.50033046e+02 
 3.48000000e+00  1.50254562e+02 
 3.50000000e+00  1.50472876e+02 
 3.52000000e+00  1.50688044e+02 
 3.54000000e+00  1.50900117e+02 
 3.56000000e+00  1.51109147e+02 
 3.58000000e+00  1.51315187e+02 
 3.60000000e+00  1.51518285e+02 
 3.62000000e+00  1.51718492e+02 
 3.64000000e+00  1.51915855e+02 
 3.66000000e+00  1.52110423e+02 
 3.68000000e+00  1.52302242e+02 
 3.70000000e+00  1.52491359e+02 
 3.72000000e+00  1.52677817e+02 
 3.74000000e+00  1.52861662e+02 
 3.76000000e+00  1.53042937e+02 
 3.78000000e+00  1.53221685e+02 
 3.80000000e+00  1.53397949e+02 
 3.82000000e+00  1.53571768e+02 
 3.84000000e+00  1.53743184e+02 
 3.86000000e+00  1.53912237e+02 
 3.88000000e+00  1.54078965e+02 
 3.90000000e+00  1.54243407e+02 
 3.92000000e+00  1.54405602e+02 
 3.94000000e+00  1.54565585e+02 
 3.96000000e+00  1.54723393e+02 
 3.98000000e+00  1.54879061e+02 
 4.00000000e+00  1.55032626e+02 
 4.02000000e+00  1.55184121e+02 
 4.04000000e+00  1.55333581e+02 
 4.06000000e+00  1.55481037e+02 
 4.08000000e+00  1.55626524e+02 
 4.10000000e+00  1.55770072e+02 
 4.12000000e+00  1.55911714e+02 
 4.14000000e+00  1.56051480e+02 
 4.16000000e+00  1.56189401e+02 
 4.18000000e+00  1.56325506e+02 
 4.20000000e+00  1.56459825e+02 
 4.22000000e+00  1.56592386e+02 
 4.24000000e+00  1.56723218e+02 
 4.26000000e+00  1.56852347e+02 
 4.28000000e+00  1.56979802e+02 
 4.30000000e+00  1.57105610e+02 
 4.32000000e+00  1.57229795e+02 
 4.34000000e+00  1.57352384e+02 
 4.36000000e+00  1.57473403e+02 
 4.38000000e+00  1.57592876e+02 
 4.40000000e+00  1.57710827e+02 
 4.42000000e+00  1.57827281e+02 
 4.44000000e+00  1.57942260e+02 
 4.46000000e+00  1.58055789e+02 
 4.48000000e+00  1.58167889e+02 
 4.50000000e+00  1.58278584e+02 
 4.52000000e+00  1.58387894e+02 
 4.54000000e+00  1.58495842e+02 
 4.56000000e+00  1.58602448e+02 
 4.58000000e+00  1.58707734e+02 
 4.60000000e+00  1.58811719e+02 
 4.62000000e+00  1.58914424e+02 
 4.64000000e+00  1.59015868e+02 
 4.66000000e+00  1.59116071e+02 
 4.68000000e+00  1.59215051e+02 
 4.70000000e+00  1.59312827e+02 
 4.72000000e+00  1.59409418e+02 
 4.74000000e+00  1.59504841e+02 
 4.76000000e+00  1.59599115e+02 
 4.78000000e+00  1.59692256e+02 
 4.80000000e+00  1.59784281e+02 
 4.82000000e+00  1.59875208e+02 
 4.84000000e+00  1.59965053e+02 
 4.86000000e+00  1.60053831e+02 
 4.88000000e+00  1.60141559e+02 
 4.90000000e+00  1.60228253e+02 
 4.92000000e+00  1.60313928e+02 
 4.94000000e+00  1.60398598e+02 
 4.96000000e+00  1.60482279e+02 
 4.98000000e+00  1.60564985e+02 
 5.00000000e+00  1.60646731e+02 
