 v-sweep         id             
 0.00000000e+00 -0.00000000e+00 
 2.00000000e-02  8.21642364e-01 
 4.00000000e-02  1.64291461e+00 
 6.00000000e-02  2.46241473e+00 
 8.00000000e-02  3.27985442e+00 
 1.00000000e-01  4.09467472e+00 
 1.20000000e-01  4.90632321e+00 
 1.40000000e-01  5.71425552e+00 
 1.60000000e-01  6.51793691e+00 
 1.80000000e-01  7.31684373e+00 
 2.00000000e-01  8.11046488e+00 
 2.20000000e-01  8.89830319e+00 
 2.40000000e-01  9.67987669e+00 
 2.60000000e-01  1.04547199e+01 
 2.80000000e-01  1.12223849e+01 
 3.00000000e-01  1.19824424e+01 
 3.20000000e-01  1.27344828e+01 
 3.40000000e-01  1.34781169e+01 
 3.60000000e-01  1.42129767e+01 
 3.80000000e-01  1.49387161e+01 
 4.00000000e-01  1.56550113e+01 
 4.20000000e-01  1.63615613e+01 
 4.40000000e-01  1.70580885e+01 
 4.60000000e-01  1.77443384e+01 
 4.80000000e-01  1.84200798e+01 
 5.00000000e-01  1.90851052e+01 
 5.20000000e-01  1.97392304e+01 
 5.40000000e-01  2.03822939e+01 
 5.60000000e-01  2.10141575e+01 
 5.80000000e-01  2.16347051e+01 
 6.00000000e-01  2.22438424e+01 
 6.20000000e-01  2.28414967e+01 
 6.40000000e-01  2.34276158e+01 
 6.60000000e-01  2.40021678e+01 
 6.80000000e-01  2.45651396e+01 
 7.00000000e-01  2.51165371e+01 
 7.20000000e-01  2.56563834e+01 
 7.40000000e-01  2.61847187e+01 
 7.60000000e-01  2.67015987e+01 
 7.80000000e-01  2.72070945e+01 
 8.00000000e-01  2.77012907e+01 
 8.20000000e-01  2.81842854e+01 
 8.40000000e-01  2.86561886e+01 
 8.60000000e-01  2.91171214e+01 
 8.80000000e-01  2.95672154e+01 
 9.00000000e-01  3.00066116e+01 
 9.20000000e-01  3.04354591e+01 
 9.40000000e-01  3.08539150e+01 
 9.60000000e-01  3.12621430e+01 
 9.80000000e-01  3.16603127e+01 
 1.00000000e+00  3.20485990e+01 
 1.02000000e+00  3.24271812e+01 
 1.04000000e+00  3.27962424e+01 
 1.06000000e+00  3.31559686e+01 
 1.08000000e+00  3.35065483e+01 
 1.10000000e+00  3.38481720e+01 
 1.12000000e+00  3.41810311e+01 
 1.14000000e+00  3.45053181e+01 
 1.16000000e+00  3.48212255e+01 
 1.18000000e+00  3.51289460e+01 
 1.20000000e+00  3.54286712e+01 
 1.22000000e+00  3.57205920e+01 
 1.24000000e+00  3.60048980e+01 
 1.26000000e+00  3.62817772e+01 
 1.28000000e+00  3.65514154e+01 
 1.30000000e+00  3.68139965e+01 
 1.32000000e+00  3.70697019e+01 
 1.34000000e+00  3.73187105e+01 
 1.36000000e+00  3.75611982e+01 
 1.38000000e+00  3.77973381e+01 
 1.40000000e+00  3.80273003e+01 
 1.42000000e+00  3.82512516e+01 
 1.44000000e+00  3.84693557e+01 
 1.46000000e+00  3.86817727e+01 
 1.48000000e+00  3.88886595e+01 
 1.50000000e+00  3.90901696e+01 
 1.52000000e+00  3.92864528e+01 
 1.54000000e+00  3.94776556e+01 
 1.56000000e+00  3.96639209e+01 
 1.58000000e+00  3.98453881e+01 
 1.60000000e+00  4.00221931e+01 
 1.62000000e+00  4.01944685e+01 
 1.64000000e+00  4.03623432e+01 
 1.66000000e+00  4.05259429e+01 
 1.68000000e+00  4.06853898e+01 
 1.70000000e+00  4.08408027e+01 
 1.72000000e+00  4.09922975e+01 
 1.74000000e+00  4.11399864e+01 
 1.76000000e+00  4.12839788e+01 
 1.78000000e+00  4.14243807e+01 
 1.80000000e+00  4.15612954e+01 
 1.82000000e+00  4.16948228e+01 
 1.84000000e+00  4.18250603e+01 
 1.86000000e+00  4.19521021e+01 
 1.88000000e+00  4.20760399e+01 
 1.90000000e+00  4.21969624e+01 
 1.92000000e+00  4.23149559e+01 
 1.94000000e+00  4.24301040e+01 
 1.96000000e+00  4.25424878e+01 
 1.98000000e+00  4.26521858e+01 
 2.00000000e+00  4.27592745e+01 
 2.02000000e+00  4.28638277e+01 
 2.04000000e+00  4.29659170e+01 
 2.06000000e+00  4.30656121e+01 
 2.08000000e+00  4.31629803e+01 
 2.10000000e+00  4.32580868e+01 
 2.12000000e+00  4.33509950e+01 
 2.14000000e+00  4.34417663e+01 
 2.16000000e+00  4.35304601e+01 
 2.18000000e+00  4.36171341e+01 
 2.20000000e+00  4.37018442e+01 
 2.22000000e+00  4.37846445e+01 
 2.24000000e+00  4.38655875e+01 
 2.26000000e+00  4.39447241e+01 
 2.28000000e+00  4.40221036e+01 
 2.30000000e+00  4.40977739e+01 
 2.32000000e+00  4.41717812e+01 
 2.34000000e+00  4.42441705e+01 
 2.36000000e+00  4.43149854e+01 
 2.38000000e+00  4.43842681e+01 
 2.40000000e+00  4.44520594e+01 
 2.42000000e+00  4.45183991e+01 
 2.44000000e+00  4.45833258e+01 
 2.46000000e+00  4.46468766e+01 
 2.48000000e+00  4.47090878e+01 
 2.50000000e+00  4.47699945e+01 
 2.52000000e+00  4.48296307e+01 
 2.54000000e+00  4.48880294e+01 
 2.56000000e+00  4.49452227e+01 
 2.58000000e+00  4.50012416e+01 
 2.60000000e+00  4.50561163e+01 
 2.62000000e+00  4.51098760e+01 
 2.64000000e+00  4.51625491e+01 
 2.66000000e+00  4.52141632e+01 
 2.68000000e+00  4.52647449e+01 
 2.70000000e+00  4.53143202e+01 
 2.72000000e+00  4.53629143e+01 
 2.74000000e+00  4.54105516e+01 
 2.76000000e+00  4.54572558e+01 
 2.78000000e+00  4.55030501e+01 
 2.80000000e+00  4.55479567e+01 
 2.82000000e+00  4.55919975e+01 
 2.84000000e+00  4.56351934e+01 
 2.86000000e+00  4.56775651e+01 
 2.88000000e+00  4.57191323e+01 
 2.90000000e+00  4.57599146e+01 
 2.92000000e+00  4.57999306e+01 
 2.94000000e+00  4.58391986e+01 
 2.96000000e+00  4.58777364e+01 
 2.98000000e+00  4.59155613e+01 
 3.00000000e+00  4.59526899e+01 
 3.02000000e+00  4.59891387e+01 
 3.04000000e+00  4.60249234e+01 
 3.06000000e+00  4.60600595e+01 
 3.08000000e+00  4.60945620e+01 
 3.10000000e+00  4.61284454e+01 
 3.12000000e+00  4.61617239e+01 
 3.14000000e+00  4.61944113e+01 
 3.16000000e+00  4.62265210e+01 
 3.18000000e+00  4.62580660e+01 
 3.20000000e+00  4.62890592e+01 
 3.22000000e+00  4.63195127e+01 
 3.24000000e+00  4.63494387e+01 
 3.26000000e+00  4.63788489e+01 
 3.28000000e+00  4.64077546e+01 
 3.30000000e+00  4.64361670e+01 
 3.32000000e+00  4.64640969e+01 
 3.34000000e+00  4.64915547e+01 
 3.36000000e+00  4.65185507e+01 
 3.38000000e+00  4.65450950e+01 
 3.40000000e+00  4.65711971e+01 
 3.42000000e+00  4.65968667e+01 
 3.44000000e+00  4.66221128e+01 
 3.46000000e+00  4.66469446e+01 
 3.48000000e+00  4.66713707e+01 
 3.50000000e+00  4.66953997e+01 
 3.52000000e+00  4.67190399e+01 
 3.54000000e+00  4.67422995e+01 
 3.56000000e+00  4.67651862e+01 
 3.58000000e+00  4.67877080e+01 
 3.60000000e+00  4.68098721e+01 
 3.62000000e+00  4.68316861e+01 
 3.64000000e+00  4.68531569e+01 
 3.66000000e+00  4.68742917e+01 
 3.68000000e+00  4.68950972e+01 
 3.70000000e+00  4.69155800e+01 
 3.72000000e+00  4.69357466e+01 
 3.74000000e+00  4.69556033e+01 
 3.76000000e+00  4.69751564e+01 
 3.78000000e+00  4.69944117e+01 
 3.80000000e+00  4.70133752e+01 
 3.82000000e+00  4.70320525e+01 
 3.84000000e+00  4.70504494e+01 
 3.86000000e+00  4.70685712e+01 
 3.88000000e+00  4.70864233e+01 
 3.90000000e+00  4.71040109e+01 
 3.92000000e+00  4.71213391e+01 
 3.94000000e+00  4.71384128e+01 
 3.96000000e+00  4.71552369e+01 
 3.98000000e+00  4.71718161e+01 
 4.00000000e+00  4.71881551e+01 
 4.02000000e+00  4.72042583e+01 
 4.04000000e+00  4.72201303e+01 
 4.06000000e+00  4.72357753e+01 
 4.08000000e+00  4.72511975e+01 
 4.10000000e+00  4.72664010e+01 
 4.12000000e+00  4.72813900e+01 
 4.14000000e+00  4.72961683e+01 
 4.16000000e+00  4.73107398e+01 
 4.18000000e+00  4.73251082e+01 
 4.20000000e+00  4.73392773e+01 
 4.22000000e+00  4.73532506e+01 
 4.24000000e+00  4.73670316e+01 
 4.26000000e+00  4.73806239e+01 
 4.28000000e+00  4.73940308e+01 
 4.30000000e+00  4.74072555e+01 
 4.32000000e+00  4.74203013e+01 
 4.34000000e+00  4.74331714e+01 
 4.36000000e+00  4.74458688e+01 
 4.38000000e+00  4.74583966e+01 
 4.40000000e+00  4.74707578e+01 
 4.42000000e+00  4.74829551e+01 
 4.44000000e+00  4.74949914e+01 
 4.46000000e+00  4.75068696e+01 
 4.48000000e+00  4.75185924e+01 
 4.50000000e+00  4.75301623e+01 
 4.52000000e+00  4.75415820e+01 
 4.54000000e+00  4.75528540e+01 
 4.56000000e+00  4.75639809e+01 
 4.58000000e+00  4.75749651e+01 
 4.60000000e+00  4.75858089e+01 
 4.62000000e+00  4.75965147e+01 
 4.64000000e+00  4.76070849e+01 
 4.66000000e+00  4.76175216e+01 
 4.68000000e+00  4.76278270e+01 
 4.70000000e+00  4.76380034e+01 
 4.72000000e+00  4.76480529e+01 
 4.74000000e+00  4.76579774e+01 
 4.76000000e+00  4.76677791e+01 
 4.78000000e+00  4.76774598e+01 
 4.80000000e+00  4.76870217e+01 
 4.82000000e+00  4.76964666e+01 
 4.84000000e+00  4.77057963e+01 
 4.86000000e+00  4.77150128e+01 
 4.88000000e+00  4.77241177e+01 
 4.90000000e+00  4.77331130e+01 
 4.92000000e+00  4.77420002e+01 
 4.94000000e+00  4.77507812e+01 
 4.96000000e+00  4.77594575e+01 
 4.98000000e+00  4.77680308e+01 
 5.00000000e+00  4.77765027e+01 
