 v-sweep         id             
 0.00000000e+00 -0.00000000e+00 
 2.00000000e-02  3.38348926e-01 
 4.00000000e-02  6.75171159e-01 
 6.00000000e-02  1.00914495e+00 
 8.00000000e-02  1.33899778e+00 
 1.00000000e-01  1.66352866e+00 
 1.20000000e-01  1.98162760e+00 
 1.40000000e-01  2.29229177e+00 
 1.60000000e-01  2.59463775e+00 
 1.80000000e-01  2.88790981e+00 
 2.00000000e-01  3.17148398e+00 
 2.20000000e-01  3.44486834e+00 
 2.40000000e-01  3.70769986e+00 
 2.60000000e-01  3.95973822e+00 
 2.80000000e-01  4.20085723e+00 
 3.00000000e-01  4.43103457e+00 
 3.20000000e-01  4.65034030e+00 
 3.40000000e-01  4.85892480e+00 
 3.60000000e-01  5.05700662e+00 
 3.80000000e-01  5.24992459e+00 
 4.00000000e-01  5.42771172e+00 
 4.20000000e-01  5.59592163e+00 
 4.40000000e-01  5.75494684e+00 
 4.60000000e-01  5.90518812e+00 
 4.80000000e-01  6.04705542e+00 
 5.00000000e-01  6.18096172e+00 
 5.20000000e-01  6.30731796e+00 
 5.40000000e-01  6.42652885e+00 
 5.60000000e-01  6.53898961e+00 
 5.80000000e-01  6.64508340e+00 
 6.00000000e-01  6.74517948e+00 
 6.20000000e-01  6.83963181e+00 
 6.40000000e-01  6.92877825e+00 
 6.60000000e-01  7.01294001e+00 
 6.80000000e-01  7.09242155e+00 
 7.00000000e-01  7.16751061e+00 
 7.20000000e-01  7.23847851e+00 
 7.40000000e-01  7.30558060e+00 
 7.60000000e-01  7.36905674e+00 
 7.80000000e-01  7.42913198e+00 
 8.00000000e-01  7.48601718e+00 
 8.20000000e-01  7.53990974e+00 
 8.40000000e-01  7.59099431e+00 
 8.60000000e-01  7.63944350e+00 
 8.80000000e-01  7.68541858e+00 
 9.00000000e-01  7.72907021e+00 
 9.20000000e-01  7.77053906e+00 
 9.40000000e-01  7.80995645e+00 
 9.60000000e-01  7.84744500e+00 
 9.80000000e-01  7.88311921e+00 
 1.00000000e+00  7.91708596e+00 
 1.02000000e+00  7.94944508e+00 
 1.04000000e+00  7.98028979e+00 
 1.06000000e+00  8.00970720e+00 
 1.08000000e+00  8.03777872e+00 
 1.10000000e+00  8.06458044e+00 
 1.12000000e+00  8.09018352e+00 
 1.14000000e+00  8.11465454e+00 
 1.16000000e+00  8.13805580e+00 
 1.18000000e+00  8.16044563e+00 
 1.20000000e+00  8.18187867e+00 
 1.22000000e+00  8.20240613e+00 
 1.24000000e+00  8.22207601e+00 
 1.26000000e+00  8.24093333e+00 
 1.28000000e+00  8.25902037e+00 
 1.30000000e+00  8.27637678e+00 
 1.32000000e+00  8.29303985e+00 
 1.34000000e+00  8.30904460e+00 
 1.36000000e+00  8.32442397e+00 
 1.38000000e+00  8.33920894e+00 
 1.40000000e+00  8.35342870e+00 
 1.42000000e+00  8.36711070e+00 
 1.44000000e+00  8.38028084e+00 
 1.46000000e+00  8.39296350e+00 
 1.48000000e+00  8.40518172e+00 
 1.50000000e+00  8.41695720e+00 
 1.52000000e+00  8.42831045e+00 
 1.54000000e+00  8.43926084e+00 
 1.56000000e+00  8.44982668e+00 
 1.58000000e+00  8.46002528e+00 
 1.60000000e+00  8.46987300e+00 
 1.62000000e+00  8.47938536e+00 
 1.64000000e+00  8.48857702e+00 
 1.66000000e+00  8.49746188e+00 
 1.68000000e+00  8.50605313e+00 
 1.70000000e+00  8.51436325e+00 
 1.72000000e+00  8.52240411e+00 
 1.74000000e+00  8.53018695e+00 
 1.76000000e+00  8.53772245e+00 
 1.78000000e+00  8.54502077e+00 
 1.80000000e+00  8.55209155e+00 
 1.82000000e+00  8.55894396e+00 
 1.84000000e+00  8.56558672e+00 
 1.86000000e+00  8.57202813e+00 
 1.88000000e+00  8.57827610e+00 
 1.90000000e+00  8.58433815e+00 
 1.92000000e+00  8.59022145e+00 
 1.94000000e+00  8.59593284e+00 
 1.96000000e+00  8.60147883e+00 
 1.98000000e+00  8.60686564e+00 
 2.00000000e+00  8.61209921e+00 
 2.02000000e+00  8.61718519e+00 
 2.04000000e+00  8.62212900e+00 
 2.06000000e+00  8.62693580e+00 
 2.08000000e+00  8.63161054e+00 
 2.10000000e+00  8.63615792e+00 
 2.12000000e+00  8.64058248e+00 
 2.14000000e+00  8.64488852e+00 
 2.16000000e+00  8.64908020e+00 
 2.18000000e+00  8.65316145e+00 
 2.20000000e+00  8.65713608e+00 
 2.22000000e+00  8.66100771e+00 
 2.24000000e+00  8.66477984e+00 
 2.26000000e+00  8.66845579e+00 
 2.28000000e+00  8.67203876e+00 
 2.30000000e+00  8.67553184e+00 
 2.32000000e+00  8.67893795e+00 
 2.34000000e+00  8.68225994e+00 
 2.36000000e+00  8.68550051e+00 
 2.38000000e+00  8.68866228e+00 
 2.40000000e+00  8.69174774e+00 
 2.42000000e+00  8.69475931e+00 
 2.44000000e+00  8.69769931e+00 
 2.46000000e+00  8.70056995e+00 
 2.48000000e+00  8.70337339e+00 
 2.50000000e+00  8.70611167e+00 
 2.52000000e+00  8.70878678e+00 
 2.54000000e+00  8.71140063e+00 
 2.56000000e+00  8.71395507e+00 
 2.58000000e+00  8.71645184e+00 
 2.60000000e+00  8.71889268e+00 
 2.62000000e+00  8.72127920e+00 
 2.64000000e+00  8.72361301e+00 
 2.66000000e+00  8.72589563e+00 
 2.68000000e+00  8.72812852e+00 
 2.70000000e+00  8.73031312e+00 
 2.72000000e+00  8.73245079e+00 
 2.74000000e+00  8.73454285e+00 
 2.76000000e+00  8.73659058e+00 
 2.78000000e+00  8.73859522e+00 
 2.80000000e+00  8.74055795e+00 
 2.82000000e+00  8.74247993e+00 
 2.84000000e+00  8.74436227e+00 
 2.86000000e+00  8.74620604e+00 
 2.88000000e+00  8.74801227e+00 
 2.90000000e+00  8.74978199e+00 
 2.92000000e+00  8.75151614e+00 
 2.94000000e+00  8.75321568e+00 
 2.96000000e+00  8.75488151e+00 
 2.98000000e+00  8.75651451e+00 
 3.00000000e+00  8.75811553e+00 
 3.02000000e+00  8.75968540e+00 
 3.04000000e+00  8.76122491e+00 
 3.06000000e+00  8.76273484e+00 
 3.08000000e+00  8.76421593e+00 
 3.10000000e+00  8.76566890e+00 
 3.12000000e+00  8.76709447e+00 
 3.14000000e+00  8.76849331e+00 
 3.16000000e+00  8.76986607e+00 
 3.18000000e+00  8.77121341e+00 
 3.20000000e+00  8.77253594e+00 
 3.22000000e+00  8.77383426e+00 
 3.24000000e+00  8.77510895e+00 
 3.26000000e+00  8.77636059e+00 
 3.28000000e+00  8.77758972e+00 
 3.30000000e+00  8.77879687e+00 
 3.32000000e+00  8.77998257e+00 
 3.34000000e+00  8.78114731e+00 
 3.36000000e+00  8.78229158e+00 
 3.38000000e+00  8.78341586e+00 
 3.40000000e+00  8.78452061e+00 
 3.42000000e+00  8.78560628e+00 
 3.44000000e+00  8.78667329e+00 
 3.46000000e+00  8.78772207e+00 
 3.48000000e+00  8.78875304e+00 
 3.50000000e+00  8.78976659e+00 
 3.52000000e+00  8.79076311e+00 
 3.54000000e+00  8.79174298e+00 
 3.56000000e+00  8.79270656e+00 
 3.58000000e+00  8.79365421e+00 
 3.60000000e+00  8.79458628e+00 
 3.62000000e+00  8.79550311e+00 
 3.64000000e+00  8.79640503e+00 
 3.66000000e+00  8.79729235e+00 
 3.68000000e+00  8.79816539e+00 
 3.70000000e+00  8.79902445e+00 
 3.72000000e+00  8.79986983e+00 
 3.74000000e+00  8.80070181e+00 
 3.76000000e+00  8.80152068e+00 
 3.78000000e+00  8.80232670e+00 
 3.80000000e+00  8.80312015e+00 
 3.82000000e+00  8.80390128e+00 
 3.84000000e+00  8.80467035e+00 
 3.86000000e+00  8.80542760e+00 
 3.88000000e+00  8.80617327e+00 
 3.90000000e+00  8.80690759e+00 
 3.92000000e+00  8.80763080e+00 
 3.94000000e+00  8.80834311e+00 
 3.96000000e+00  8.80904475e+00 
 3.98000000e+00  8.80973592e+00 
 4.00000000e+00  8.81041683e+00 
 4.02000000e+00  8.81108768e+00 
 4.04000000e+00  8.81174867e+00 
 4.06000000e+00  8.81239999e+00 
 4.08000000e+00  8.81304183e+00 
 4.10000000e+00  8.81367436e+00 
 4.12000000e+00  8.81429778e+00 
 4.14000000e+00  8.81491224e+00 
 4.16000000e+00  8.81551792e+00 
 4.18000000e+00  8.81611499e+00 
 4.20000000e+00  8.81670361e+00 
 4.22000000e+00  8.81728394e+00 
 4.24000000e+00  8.81785613e+00 
 4.26000000e+00  8.81842033e+00 
 4.28000000e+00  8.81897669e+00 
 4.30000000e+00  8.81952535e+00 
 4.32000000e+00  8.82006646e+00 
 4.34000000e+00  8.82060015e+00 
 4.36000000e+00  8.82112656e+00 
 4.38000000e+00  8.82164582e+00 
 4.40000000e+00  8.82215805e+00 
 4.42000000e+00  8.82266339e+00 
 4.44000000e+00  8.82316195e+00 
 4.46000000e+00  8.82365386e+00 
 4.48000000e+00  8.82413923e+00 
 4.50000000e+00  8.82461818e+00 
 4.52000000e+00  8.82509081e+00 
 4.54000000e+00  8.82555725e+00 
 4.56000000e+00  8.82601760e+00 
 4.58000000e+00  8.82647196e+00 
 4.60000000e+00  8.82692044e+00 
 4.62000000e+00  8.82736313e+00 
 4.64000000e+00  8.82780015e+00 
 4.66000000e+00  8.82823157e+00 
 4.68000000e+00  8.82865750e+00 
 4.70000000e+00  8.82907803e+00 
 4.72000000e+00  8.82949325e+00 
 4.74000000e+00  8.82990325e+00 
 4.76000000e+00  8.83030812e+00 
 4.78000000e+00  8.83070793e+00 
 4.80000000e+00  8.83110279e+00 
 4.82000000e+00  8.83149275e+00 
 4.84000000e+00  8.83187792e+00 
 4.86000000e+00  8.83225836e+00 
 4.88000000e+00  8.83263415e+00 
 4.90000000e+00  8.83300537e+00 
 4.92000000e+00  8.83337208e+00 
 4.94000000e+00  8.83373437e+00 
 4.96000000e+00  8.83409231e+00 
 4.98000000e+00  8.83444595e+00 
 5.00000000e+00  8.83479538e+00 
