 v-sweep         id             
 0.00000000e+00 -0.00000000e+00 
 2.00000000e-02  1.22516362e+00 
 4.00000000e-02  2.44997797e+00 
 6.00000000e-02  3.67331630e+00 
 8.00000000e-02  4.89510043e+00 
 1.00000000e-01  6.11496524e+00 
 1.20000000e-01  7.33254717e+00 
 1.40000000e-01  8.54748463e+00 
 1.60000000e-01  9.75941839e+00 
 1.80000000e-01  1.09679920e+01 
 2.00000000e-01  1.21728521e+01 
 2.20000000e-01  1.33736490e+01 
 2.40000000e-01  1.45700369e+01 
 2.60000000e-01  1.57616743e+01 
 2.80000000e-01  1.69482243e+01 
 3.00000000e-01  1.81293552e+01 
 3.20000000e-01  1.93047409e+01 
 3.40000000e-01  2.04740608e+01 
 3.60000000e-01  2.16370005e+01 
 3.80000000e-01  2.27932521e+01 
 4.00000000e-01  2.39425147e+01 
 4.20000000e-01  2.50844943e+01 
 4.40000000e-01  2.62189044e+01 
 4.60000000e-01  2.73454661e+01 
 4.80000000e-01  2.84639088e+01 
 5.00000000e-01  2.95739698e+01 
 5.20000000e-01  3.06753951e+01 
 5.40000000e-01  3.17679396e+01 
 5.60000000e-01  3.28513669e+01 
 5.80000000e-01  3.39254498e+01 
 6.00000000e-01  3.49899706e+01 
 6.20000000e-01  3.60447210e+01 
 6.40000000e-01  3.70895024e+01 
 6.60000000e-01  3.81241261e+01 
 6.80000000e-01  3.91484130e+01 
 7.00000000e-01  4.01621944e+01 
 7.20000000e-01  4.11653114e+01 
 7.40000000e-01  4.21576153e+01 
 7.60000000e-01  4.31389676e+01 
 7.80000000e-01  4.41092398e+01 
 8.00000000e-01  4.50683138e+01 
 8.20000000e-01  4.60160816e+01 
 8.40000000e-01  4.69524451e+01 
 8.60000000e-01  4.78773164e+01 
 8.80000000e-01  4.87906176e+01 
 9.00000000e-01  4.96922805e+01 
 9.20000000e-01  5.05822467e+01 
 9.40000000e-01  5.14604675e+01 
 9.60000000e-01  5.23269035e+01 
 9.80000000e-01  5.31815248e+01 
 1.00000000e+00  5.40243104e+01 
 1.02000000e+00  5.48552482e+01 
 1.04000000e+00  5.56743352e+01 
 1.06000000e+00  5.64815764e+01 
 1.08000000e+00  5.72769854e+01 
 1.10000000e+00  5.80605836e+01 
 1.12000000e+00  5.88324005e+01 
 1.14000000e+00  5.95924729e+01 
 1.16000000e+00  6.03408448e+01 
 1.18000000e+00  6.10775673e+01 
 1.20000000e+00  6.18026983e+01 
 1.22000000e+00  6.25163020e+01 
 1.24000000e+00  6.32184487e+01 
 1.26000000e+00  6.39092149e+01 
 1.28000000e+00  6.45886823e+01 
 1.30000000e+00  6.52569380e+01 
 1.32000000e+00  6.59140743e+01 
 1.34000000e+00  6.65601880e+01 
 1.36000000e+00  6.71953804e+01 
 1.38000000e+00  6.78197570e+01 
 1.40000000e+00  6.84334272e+01 
 1.42000000e+00  6.90365037e+01 
 1.44000000e+00  6.96291030e+01 
 1.46000000e+00  7.02113444e+01 
 1.48000000e+00  7.07833499e+01 
 1.50000000e+00  7.13452444e+01 
 1.52000000e+00  7.18971547e+01 
 1.54000000e+00  7.24392099e+01 
 1.56000000e+00  7.29715408e+01 
 1.58000000e+00  7.34942801e+01 
 1.60000000e+00  7.40075615e+01 
 1.62000000e+00  7.45115200e+01 
 1.64000000e+00  7.50062917e+01 
 1.66000000e+00  7.54920134e+01 
 1.68000000e+00  7.59688223e+01 
 1.70000000e+00  7.64368564e+01 
 1.72000000e+00  7.68962535e+01 
 1.74000000e+00  7.73471519e+01 
 1.76000000e+00  7.77896894e+01 
 1.78000000e+00  7.82240040e+01 
 1.80000000e+00  7.86502330e+01 
 1.82000000e+00  7.90685134e+01 
 1.84000000e+00  7.94789816e+01 
 1.86000000e+00  7.98817731e+01 
 1.88000000e+00  8.02770227e+01 
 1.90000000e+00  8.06648643e+01 
 1.92000000e+00  8.10454306e+01 
 1.94000000e+00  8.14188534e+01 
 1.96000000e+00  8.17852632e+01 
 1.98000000e+00  8.21447892e+01 
 2.00000000e+00  8.24975594e+01 
 2.02000000e+00  8.28437001e+01 
 2.04000000e+00  8.31833365e+01 
 2.06000000e+00  8.35165921e+01 
 2.08000000e+00  8.38435889e+01 
 2.10000000e+00  8.41644474e+01 
 2.12000000e+00  8.44792862e+01 
 2.14000000e+00  8.47882225e+01 
 2.16000000e+00  8.50913717e+01 
 2.18000000e+00  8.53888476e+01 
 2.20000000e+00  8.56807622e+01 
 2.22000000e+00  8.59672256e+01 
 2.24000000e+00  8.62483465e+01 
 2.26000000e+00  8.65242315e+01 
 2.28000000e+00  8.67949857e+01 
 2.30000000e+00  8.70607121e+01 
 2.32000000e+00  8.73215122e+01 
 2.34000000e+00  8.75774856e+01 
 2.36000000e+00  8.78287302e+01 
 2.38000000e+00  8.80753421e+01 
 2.40000000e+00  8.83174157e+01 
 2.42000000e+00  8.85550435e+01 
 2.44000000e+00  8.87883163e+01 
 2.46000000e+00  8.90173235e+01 
 2.48000000e+00  8.92421522e+01 
 2.50000000e+00  8.94628884e+01 
 2.52000000e+00  8.96796161e+01 
 2.54000000e+00  8.98924176e+01 
 2.56000000e+00  9.01013738e+01 
 2.58000000e+00  9.03065638e+01 
 2.60000000e+00  9.05080651e+01 
 2.62000000e+00  9.07059538e+01 
 2.64000000e+00  9.09003042e+01 
 2.66000000e+00  9.10911893e+01 
 2.68000000e+00  9.12786804e+01 
 2.70000000e+00  9.14628474e+01 
 2.72000000e+00  9.16437587e+01 
 2.74000000e+00  9.18214814e+01 
 2.76000000e+00  9.19960811e+01 
 2.78000000e+00  9.21676218e+01 
 2.80000000e+00  9.23361664e+01 
 2.82000000e+00  9.25017765e+01 
 2.84000000e+00  9.26645121e+01 
 2.86000000e+00  9.28244321e+01 
 2.88000000e+00  9.29815941e+01 
 2.90000000e+00  9.31360545e+01 
 2.92000000e+00  9.32878683e+01 
 2.94000000e+00  9.34370896e+01 
 2.96000000e+00  9.35837710e+01 
 2.98000000e+00  9.37279641e+01 
 3.00000000e+00  9.38697195e+01 
 3.02000000e+00  9.40090865e+01 
 3.04000000e+00  9.41461133e+01 
 3.06000000e+00  9.42808473e+01 
 3.08000000e+00  9.44133345e+01 
 3.10000000e+00  9.45436201e+01 
 3.12000000e+00  9.46717484e+01 
 3.14000000e+00  9.47977625e+01 
 3.16000000e+00  9.49217047e+01 
 3.18000000e+00  9.50436163e+01 
 3.20000000e+00  9.51635377e+01 
 3.22000000e+00  9.52815084e+01 
 3.24000000e+00  9.53975671e+01 
 3.26000000e+00  9.55117516e+01 
 3.28000000e+00  9.56240987e+01 
 3.30000000e+00  9.57346448e+01 
 3.32000000e+00  9.58434250e+01 
 3.34000000e+00  9.59504741e+01 
 3.36000000e+00  9.60558257e+01 
 3.38000000e+00  9.61595130e+01 
 3.40000000e+00  9.62615683e+01 
 3.42000000e+00  9.63620232e+01 
 3.44000000e+00  9.64609087e+01 
 3.46000000e+00  9.65582550e+01 
 3.48000000e+00  9.66540917e+01 
 3.50000000e+00  9.67484478e+01 
 3.52000000e+00  9.68413516e+01 
 3.54000000e+00  9.69328308e+01 
 3.56000000e+00  9.70229124e+01 
 3.58000000e+00  9.71116230e+01 
 3.60000000e+00  9.71989885e+01 
 3.62000000e+00  9.72850343e+01 
 3.64000000e+00  9.73697852e+01 
 3.66000000e+00  9.74532654e+01 
 3.68000000e+00  9.75354988e+01 
 3.70000000e+00  9.76165085e+01 
 3.72000000e+00  9.76963173e+01 
 3.74000000e+00  9.77749475e+01 
 3.76000000e+00  9.78524209e+01 
 3.78000000e+00  9.79287587e+01 
 3.80000000e+00  9.80039818e+01 
 3.82000000e+00  9.80781106e+01 
 3.84000000e+00  9.81511651e+01 
 3.86000000e+00  9.82231649e+01 
 3.88000000e+00  9.82941290e+01 
 3.90000000e+00  9.83640763e+01 
 3.92000000e+00  9.84330250e+01 
 3.94000000e+00  9.85009932e+01 
 3.96000000e+00  9.85679983e+01 
 3.98000000e+00  9.86340576e+01 
 4.00000000e+00  9.86991880e+01 
 4.02000000e+00  9.87634059e+01 
 4.04000000e+00  9.88267274e+01 
 4.06000000e+00  9.88891685e+01 
 4.08000000e+00  9.89507445e+01 
 4.10000000e+00  9.90114708e+01 
 4.12000000e+00  9.90713620e+01 
 4.14000000e+00  9.91304327e+01 
 4.16000000e+00  9.91886973e+01 
 4.18000000e+00  9.92461697e+01 
 4.20000000e+00  9.93028634e+01 
 4.22000000e+00  9.93587920e+01 
 4.24000000e+00  9.94139686e+01 
 4.26000000e+00  9.94684060e+01 
 4.28000000e+00  9.95221167e+01 
 4.30000000e+00  9.95751133e+01 
 4.32000000e+00  9.96274076e+01 
 4.34000000e+00  9.96790117e+01 
 4.36000000e+00  9.97299370e+01 
 4.38000000e+00  9.97801950e+01 
 4.40000000e+00  9.98297969e+01 
 4.42000000e+00  9.98787535e+01 
 4.44000000e+00  9.99270756e+01 
 4.46000000e+00  9.99747737e+01 
 4.48000000e+00  1.00021858e+02 
 4.50000000e+00  1.00068339e+02 
 4.52000000e+00  1.00114226e+02 
 4.54000000e+00  1.00159529e+02 
 4.56000000e+00  1.00204258e+02 
 4.58000000e+00  1.00248421e+02 
 4.60000000e+00  1.00292028e+02 
 4.62000000e+00  1.00335088e+02 
 4.64000000e+00  1.00377610e+02 
 4.66000000e+00  1.00419603e+02 
 4.68000000e+00  1.00461074e+02 
 4.70000000e+00  1.00502032e+02 
 4.72000000e+00  1.00542486e+02 
 4.74000000e+00  1.00582443e+02 
 4.76000000e+00  1.00621911e+02 
 4.78000000e+00  1.00660898e+02 
 4.80000000e+00  1.00699411e+02 
 4.82000000e+00  1.00737458e+02 
 4.84000000e+00  1.00775046e+02 
 4.86000000e+00  1.00812182e+02 
 4.88000000e+00  1.00848873e+02 
 4.90000000e+00  1.00885126e+02 
 4.92000000e+00  1.00920948e+02 
 4.94000000e+00  1.00956345e+02 
 4.96000000e+00  1.00991324e+02 
 4.98000000e+00  1.01025891e+02 
 5.00000000e+00  1.01060053e+02 
