 v-sweep         id             
-5.00000000e+00 -1.39443398e+02 
-4.98000000e+00 -1.38341562e+02 
-4.96000000e+00 -1.37242394e+02 
-4.94000000e+00 -1.36145026e+02 
-4.92000000e+00 -1.35049472e+02 
-4.90000000e+00 -1.33955749e+02 
-4.88000000e+00 -1.32863870e+02 
-4.86000000e+00 -1.31773851e+02 
-4.84000000e+00 -1.30685706e+02 
-4.82000000e+00 -1.29599452e+02 
-4.80000000e+00 -1.28515104e+02 
-4.78000000e+00 -1.27432677e+02 
-4.76000000e+00 -1.26352188e+02 
-4.74000000e+00 -1.25273652e+02 
-4.72000000e+00 -1.24197086e+02 
-4.70000000e+00 -1.23122507e+02 
-4.68000000e+00 -1.22049930e+02 
-4.66000000e+00 -1.20979374e+02 
-4.64000000e+00 -1.19910854e+02 
-4.62000000e+00 -1.18844388e+02 
-4.60000000e+00 -1.17779994e+02 
-4.58000000e+00 -1.16717689e+02 
-4.56000000e+00 -1.15657491e+02 
-4.54000000e+00 -1.14599417e+02 
-4.52000000e+00 -1.13543488e+02 
-4.50000000e+00 -1.12489720e+02 
-4.48000000e+00 -1.11438132e+02 
-4.46000000e+00 -1.10388744e+02 
-4.44000000e+00 -1.09341574e+02 
-4.42000000e+00 -1.08296642e+02 
-4.40000000e+00 -1.07253967e+02 
-4.38000000e+00 -1.06213570e+02 
-4.36000000e+00 -1.05175470e+02 
-4.34000000e+00 -1.04139687e+02 
-4.32000000e+00 -1.03106243e+02 
-4.30000000e+00 -1.02075158e+02 
-4.28000000e+00 -1.01046453e+02 
-4.26000000e+00 -1.00020149e+02 
-4.24000000e+00 -9.89962682e+01 
-4.22000000e+00 -9.79748324e+01 
-4.20000000e+00 -9.69558637e+01 
-4.18000000e+00 -9.59393844e+01 
-4.16000000e+00 -9.49254173e+01 
-4.14000000e+00 -9.39139853e+01 
-4.12000000e+00 -9.29051117e+01 
-4.10000000e+00 -9.18988203e+01 
-4.08000000e+00 -9.08951347e+01 
-4.06000000e+00 -8.98940793e+01 
-4.04000000e+00 -8.88956786e+01 
-4.02000000e+00 -8.78999574e+01 
-4.00000000e+00 -8.69069409e+01 
-3.98000000e+00 -8.59166546e+01 
-3.96000000e+00 -8.49291243e+01 
-3.94000000e+00 -8.39443763e+01 
-3.92000000e+00 -8.29624371e+01 
-3.90000000e+00 -8.19833336e+01 
-3.88000000e+00 -8.10070931e+01 
-3.86000000e+00 -8.00337432e+01 
-3.84000000e+00 -7.90633120e+01 
-3.82000000e+00 -7.80958279e+01 
-3.80000000e+00 -7.71313197e+01 
-3.78000000e+00 -7.61698166e+01 
-3.76000000e+00 -7.52113484e+01 
-3.74000000e+00 -7.42559450e+01 
-3.72000000e+00 -7.33036369e+01 
-3.70000000e+00 -7.23544551e+01 
-3.68000000e+00 -7.14084310e+01 
-3.66000000e+00 -7.04655963e+01 
-3.64000000e+00 -6.95259835e+01 
-3.62000000e+00 -6.85896252e+01 
-3.60000000e+00 -6.76565548e+01 
-3.58000000e+00 -6.67268061e+01 
-3.56000000e+00 -6.58004132e+01 
-3.54000000e+00 -6.48774111e+01 
-3.52000000e+00 -6.39578351e+01 
-3.50000000e+00 -6.30417209e+01 
-3.48000000e+00 -6.21291052e+01 
-3.46000000e+00 -6.12200249e+01 
-3.44000000e+00 -6.03145176e+01 
-3.42000000e+00 -5.94126215e+01 
-3.40000000e+00 -5.85143753e+01 
-3.38000000e+00 -5.76198187e+01 
-3.36000000e+00 -5.67289915e+01 
-3.34000000e+00 -5.58419346e+01 
-3.32000000e+00 -5.49586893e+01 
-3.30000000e+00 -5.40792978e+01 
-3.28000000e+00 -5.32038029e+01 
-3.26000000e+00 -5.23322481e+01 
-3.24000000e+00 -5.14646777e+01 
-3.22000000e+00 -5.06011368e+01 
-3.20000000e+00 -4.97416711e+01 
-3.18000000e+00 -4.88863274e+01 
-3.16000000e+00 -4.80351530e+01 
-3.14000000e+00 -4.71881964e+01 
-3.12000000e+00 -4.63455068e+01 
-3.10000000e+00 -4.55071341e+01 
-3.08000000e+00 -4.46731295e+01 
-3.06000000e+00 -4.38435450e+01 
-3.04000000e+00 -4.30184334e+01 
-3.02000000e+00 -4.21978488e+01 
-3.00000000e+00 -4.13818462e+01 
-2.98000000e+00 -4.05704816e+01 
-2.96000000e+00 -3.97638122e+01 
-2.94000000e+00 -3.89618963e+01 
-2.92000000e+00 -3.81647934e+01 
-2.90000000e+00 -3.73725643e+01 
-2.88000000e+00 -3.65852708e+01 
-2.86000000e+00 -3.58029763e+01 
-2.84000000e+00 -3.50257451e+01 
-2.82000000e+00 -3.42536434e+01 
-2.80000000e+00 -3.34867384e+01 
-2.78000000e+00 -3.27250990e+01 
-2.76000000e+00 -3.19687956e+01 
-2.74000000e+00 -3.12179000e+01 
-2.72000000e+00 -3.04724858e+01 
-2.70000000e+00 -2.97326283e+01 
-2.68000000e+00 -2.89984045e+01 
-2.66000000e+00 -2.82698932e+01 
-2.64000000e+00 -2.75471750e+01 
-2.62000000e+00 -2.68303327e+01 
-2.60000000e+00 -2.61194509e+01 
-2.58000000e+00 -2.54146164e+01 
-2.56000000e+00 -2.47159182e+01 
-2.54000000e+00 -2.40234476e+01 
-2.52000000e+00 -2.33372981e+01 
-2.50000000e+00 -2.26575660e+01 
-2.48000000e+00 -2.19843499e+01 
-2.46000000e+00 -2.13177511e+01 
-2.44000000e+00 -2.06578738e+01 
-2.42000000e+00 -2.00048251e+01 
-2.40000000e+00 -1.93587152e+01 
-2.38000000e+00 -1.87196572e+01 
-2.36000000e+00 -1.80877679e+01 
-2.34000000e+00 -1.74631674e+01 
-2.32000000e+00 -1.68459794e+01 
-2.30000000e+00 -1.62363314e+01 
-2.28000000e+00 -1.56343550e+01 
-2.26000000e+00 -1.50401859e+01 
-2.24000000e+00 -1.44539642e+01 
-2.22000000e+00 -1.38758345e+01 
-2.20000000e+00 -1.33059465e+01 
-2.18000000e+00 -1.27444546e+01 
-2.16000000e+00 -1.21915188e+01 
-2.14000000e+00 -1.16473045e+01 
-2.12000000e+00 -1.11119832e+01 
-2.10000000e+00 -1.05857324e+01 
-2.08000000e+00 -1.00687362e+01 
-2.06000000e+00 -9.56118554e+00 
-2.04000000e+00 -9.06327869e+00 
-2.02000000e+00 -8.57522147e+00 
-2.00000000e+00 -8.09722776e+00 
-1.98000000e+00 -7.62951995e+00 
-1.96000000e+00 -7.17232941e+00 
-1.94000000e+00 -6.72589697e+00 
-1.92000000e+00 -6.29047349e+00 
-1.90000000e+00 -5.86632042e+00 
-1.88000000e+00 -5.45954188e+00 
-1.86000000e+00 -5.05890453e+00 
-1.84000000e+00 -4.67039847e+00 
-1.82000000e+00 -4.29433474e+00 
-1.80000000e+00 -3.93103874e+00 
-1.78000000e+00 -3.58085134e+00 
-1.76000000e+00 -3.24413006e+00 
-1.74000000e+00 -2.92125064e+00 
-1.72000000e+00 -2.61260885e+00 
-1.70000000e+00 -2.31862294e+00 
-1.68000000e+00 -2.03973668e+00 
-1.66000000e+00 -1.77642344e+00 
-1.64000000e+00 -1.52919143e+00 
-1.62000000e+00 -1.29859023e+00 
-1.60000000e+00 -1.08521849e+00 
-1.58000000e+00 -8.89731524e-01 
-1.56000000e+00 -7.12845539e-01 
-1.54000000e+00 -5.55330905e-01 
-1.52000000e+00 -4.17978963e-01 
-1.50000000e+00 -3.01514830e-01 
-1.48000000e+00 -2.06416039e-01 
-1.46000000e+00 -1.32600888e-01 
-1.44000000e+00 -7.90101544e-02 
-1.42000000e+00 -4.32561879e-02 
-1.40000000e+00 -2.16713578e-02 
-1.38000000e+00 -9.97380553e-03 
-1.36000000e+00 -4.26506167e-03 
-1.34000000e+00 -1.72151258e-03 
-1.32000000e+00 -6.66416129e-04 
-1.30000000e+00 -2.50758543e-04 
-1.28000000e+00 -9.26332963e-05 
-1.26000000e+00 -3.38256121e-05 
-1.24000000e+00 -1.22639120e-05 
-1.22000000e+00 -4.42752383e-06 
-1.20000000e+00 -1.59468067e-06 
-1.18000000e+00 -5.73921511e-07 
-1.16000000e+00 -2.06821710e-07 
-1.14000000e+00 -7.49470246e-08 
-1.12000000e+00 -2.75983894e-08 
-1.10000000e+00 -1.05972049e-08 
-1.08000000e+00 -4.48602577e-09 
-1.06000000e+00 -2.28135377e-09 
-1.04000000e+00 -1.47792889e-09 
-1.02000000e+00 -1.17711352e-09 
-1.00000000e+00 -1.05632125e-09 
-9.80000000e-01 -1.00021680e-09 
-9.60000000e-01 -9.67190772e-10 
-9.40000000e-01 -9.42577572e-10 
-9.20000000e-01 -9.19897047e-10 
-9.00000000e-01 -8.99945007e-10 
-8.80000000e-01 -8.79992967e-10 
-8.60000000e-01 -8.60040927e-10 
-8.40000000e-01 -8.39975201e-10 
-8.20000000e-01 -8.20023160e-10 
-8.00000000e-01 -8.00014277e-10 
-7.80000000e-01 -7.80005394e-10 
-7.60000000e-01 -7.59996510e-10 
-7.40000000e-01 -7.40016048e-10 
-7.20000000e-01 -7.20007165e-10 
-7.00000000e-01 -6.99998282e-10 
-6.80000000e-01 -6.79989398e-10 
-6.60000000e-01 -6.60008936e-10 
-6.40000000e-01 -6.40000053e-10 
-6.20000000e-01 -6.19991170e-10 
-6.00000000e-01 -5.99982286e-10 
-5.80000000e-01 -5.80001824e-10 
-5.60000000e-01 -5.59992941e-10 
-5.40000000e-01 -5.39984057e-10 
-5.20000000e-01 -5.20003596e-10 
-5.00000000e-01 -4.99994712e-10 
-4.80000000e-01 -4.79985829e-10 
-4.60000000e-01 -4.59976945e-10 
-4.40000000e-01 -4.39996484e-10 
-4.20000000e-01 -4.19987600e-10 
-4.00000000e-01 -4.00007139e-10 
-3.80000000e-01 -3.79998255e-10 
-3.60000000e-01 -3.59989372e-10 
-3.40000000e-01 -3.39994699e-10 
-3.20000000e-01 -3.19985816e-10 
-3.00000000e-01 -2.99991143e-10 
-2.80000000e-01 -2.79996470e-10 
-2.60000000e-01 -2.59987587e-10 
-2.40000000e-01 -2.39992914e-10 
-2.20000000e-01 -2.19998242e-10 
-2.00000000e-01 -1.99989358e-10 
-1.80000000e-01 -1.79994686e-10 
-1.60000000e-01 -1.59992908e-10 
-1.40000000e-01 -1.39998235e-10 
-1.20000000e-01 -1.19996457e-10 
-1.00000000e-01 -1.00001785e-10 
-8.00000000e-02 -8.00000066e-11 
-6.00000000e-02 -5.99982286e-11 
-4.00000000e-02 -3.99982270e-11 
-2.00000000e-02 -1.99991135e-11 
-1.80341853e-14 -1.85752131e-23 
