 v-sweep         id             
 0.00000000e+00  4.99971975e-09 
 2.00000000e-02  4.99971975e-09 
 4.00000000e-02  4.99971975e-09 
 6.00000000e-02  4.99971975e-09 
 8.00000000e-02  4.99971975e-09 
 1.00000000e-01  4.99971975e-09 
 1.20000000e-01  4.99971975e-09 
 1.40000000e-01  4.99971975e-09 
 1.60000000e-01  4.99971975e-09 
 1.80000000e-01  4.99971975e-09 
 2.00000000e-01  4.99971975e-09 
 2.20000000e-01  4.99971975e-09 
 2.40000000e-01  4.99971975e-09 
 2.60000000e-01  4.99971975e-09 
 2.80000000e-01  4.99971975e-09 
 3.00000000e-01  4.99971975e-09 
 3.20000000e-01  4.99971975e-09 
 3.40000000e-01  4.99971975e-09 
 3.60000000e-01  4.99971975e-09 
 3.80000000e-01  4.99971975e-09 
 4.00000000e-01  4.99971975e-09 
 4.20000000e-01  4.99971975e-09 
 4.40000000e-01  4.99971975e-09 
 4.60000000e-01  4.99971975e-09 
 4.80000000e-01  4.99971975e-09 
 5.00000000e-01  4.99971975e-09 
 5.20000000e-01  4.99971975e-09 
 5.40000000e-01  4.99971975e-09 
 5.60000000e-01  4.99971975e-09 
 5.80000000e-01  4.99971975e-09 
 6.00000000e-01  4.99971975e-09 
 6.20000000e-01  4.99971975e-09 
 6.40000000e-01  4.99971975e-09 
 6.60000000e-01  4.99971975e-09 
 6.80000000e-01  4.99971975e-09 
 7.00000000e-01  4.99971975e-09 
 7.20000000e-01  4.99971975e-09 
 7.40000000e-01  4.99971975e-09 
 7.60000000e-01  4.99971975e-09 
 7.80000000e-01  4.99971975e-09 
 8.00000000e-01  4.99971975e-09 
 8.20000000e-01  4.99971975e-09 
 8.40000000e-01  5.00017450e-09 
 8.60000000e-01  4.99971975e-09 
 8.80000000e-01  5.00017450e-09 
 9.00000000e-01  5.00040187e-09 
 9.20000000e-01  5.00062924e-09 
 9.40000000e-01  5.00176611e-09 
 9.60000000e-01  5.00517672e-09 
 9.80000000e-01  5.01449904e-09 
 1.00000000e+00  5.05633579e-09 
 1.02000000e+00  5.15706233e-09 
 1.04000000e+00  5.43786882e-09 
 1.06000000e+00  6.22139851e-09 
 1.08000000e+00  8.40600478e-09 
 1.10000000e+00  1.44973455e-08 
 1.12000000e+00  3.14780664e-08 
 1.14000000e+00  7.88070338e-08 
 1.16000000e+00  2.10661710e-07 
 1.18000000e+00  5.77741275e-07 
 1.20000000e+00  1.59848105e-06 
 1.22000000e+00  4.43130625e-06 
 1.24000000e+00  1.22676927e-05 
 1.26000000e+00  3.38295081e-05 
 1.28000000e+00  9.26381729e-05 
 1.30000000e+00  2.50770586e-04 
 1.32000000e+00  6.66477345e-04 
 1.34000000e+00  1.72188660e-03 
 1.36000000e+00  4.26722179e-03 
 1.38000000e+00  9.98476246e-03 
 1.40000000e+00  2.17182941e-02 
 1.42000000e+00  4.34223360e-02 
 1.44000000e+00  7.94952857e-02 
 1.46000000e+00  1.33788268e-01 
 1.48000000e+00  2.08917191e-01 
 1.50000000e+00  3.06180364e-01 
 1.52000000e+00  4.25885562e-01 
 1.54000000e+00  5.67759894e-01 
 1.56000000e+00  7.31262177e-01 
 1.58000000e+00  9.15767566e-01 
 1.60000000e+00  1.12065751e+00 
 1.62000000e+00  1.34535459e+00 
 1.64000000e+00  1.58933004e+00 
 1.66000000e+00  1.85209990e+00 
 1.68000000e+00  2.13321772e+00 
 1.70000000e+00  2.43226710e+00 
 1.72000000e+00  2.74885555e+00 
 1.74000000e+00  3.08260964e+00 
 1.76000000e+00  3.43317149e+00 
 1.78000000e+00  3.80019623e+00 
 1.80000000e+00  4.18335016e+00 
 1.82000000e+00  4.58230951e+00 
 1.84000000e+00  4.99675947e+00 
 1.86000000e+00  5.42639355e+00 
 1.88000000e+00  5.87091305e+00 
 1.90000000e+00  6.33002669e+00 
 1.92000000e+00  6.80345025e+00 
 1.94000000e+00  7.28393576e+00 
 1.96000000e+00  7.78529037e+00 
 1.98000000e+00  8.30013653e+00 
 2.00000000e+00  8.82821862e+00 
 2.02000000e+00  9.36928445e+00 
 2.04000000e+00  9.92308763e+00 
 2.06000000e+00  1.04893874e+01 
 2.08000000e+00  1.10679486e+01 
 2.10000000e+00  1.16585413e+01 
 2.12000000e+00  1.22609407e+01 
 2.14000000e+00  1.28749273e+01 
 2.16000000e+00  1.35002864e+01 
 2.18000000e+00  1.41368079e+01 
 2.20000000e+00  1.47842866e+01 
 2.22000000e+00  1.54425218e+01 
 2.24000000e+00  1.61113172e+01 
 2.26000000e+00  1.67904806e+01 
 2.28000000e+00  1.74798244e+01 
 2.30000000e+00  1.81791645e+01 
 2.32000000e+00  1.88883214e+01 
 2.34000000e+00  1.96071189e+01 
 2.36000000e+00  2.03353850e+01 
 2.38000000e+00  2.10729510e+01 
 2.40000000e+00  2.18196520e+01 
 2.42000000e+00  2.25753264e+01 
 2.44000000e+00  2.33398163e+01 
 2.46000000e+00  2.41129668e+01 
 2.48000000e+00  2.48946262e+01 
 2.50000000e+00  2.56846461e+01 
 2.52000000e+00  2.64828812e+01 
 2.54000000e+00  2.72891889e+01 
 2.56000000e+00  2.81034297e+01 
 2.58000000e+00  2.89254670e+01 
 2.60000000e+00  2.97551667e+01 
 2.62000000e+00  3.05923976e+01 
 2.64000000e+00  3.14370311e+01 
 2.66000000e+00  3.22889410e+01 
 2.68000000e+00  3.31480038e+01 
 2.70000000e+00  3.40140984e+01 
 2.72000000e+00  3.48871059e+01 
 2.74000000e+00  3.57669098e+01 
 2.76000000e+00  3.66533961e+01 
 2.78000000e+00  3.75464525e+01 
 2.80000000e+00  3.84459694e+01 
 2.82000000e+00  3.93518390e+01 
 2.84000000e+00  4.02639555e+01 
 2.86000000e+00  4.11822152e+01 
 2.88000000e+00  4.21065164e+01 
 2.90000000e+00  4.30367594e+01 
 2.92000000e+00  4.39728460e+01 
 2.94000000e+00  4.49146801e+01 
 2.96000000e+00  4.58621674e+01 
 2.98000000e+00  4.68152153e+01 
 3.00000000e+00  4.77737327e+01 
 3.02000000e+00  4.87376303e+01 
 3.04000000e+00  4.97068206e+01 
 3.06000000e+00  5.06812174e+01 
 3.08000000e+00  5.16607362e+01 
 3.10000000e+00  5.26452939e+01 
 3.12000000e+00  5.36348090e+01 
 3.14000000e+00  5.46292013e+01 
 3.16000000e+00  5.56283922e+01 
 3.18000000e+00  5.66323043e+01 
 3.20000000e+00  5.76408617e+01 
 3.22000000e+00  5.86539897e+01 
 3.24000000e+00  5.96716149e+01 
 3.26000000e+00  6.06936652e+01 
 3.28000000e+00  6.17200697e+01 
 3.30000000e+00  6.27507588e+01 
 3.32000000e+00  6.37856640e+01 
 3.34000000e+00  6.48247179e+01 
 3.36000000e+00  6.58678543e+01 
 3.38000000e+00  6.69150081e+01 
 3.40000000e+00  6.79661154e+01 
 3.42000000e+00  6.90211131e+01 
 3.44000000e+00  7.00799393e+01 
 3.46000000e+00  7.11425331e+01 
 3.48000000e+00  7.22088346e+01 
 3.50000000e+00  7.32787849e+01 
 3.52000000e+00  7.43523258e+01 
 3.54000000e+00  7.54294004e+01 
 3.56000000e+00  7.65099526e+01 
 3.58000000e+00  7.75939269e+01 
 3.60000000e+00  7.86812692e+01 
 3.62000000e+00  7.97719257e+01 
 3.64000000e+00  8.08658439e+01 
 3.66000000e+00  8.19629719e+01 
 3.68000000e+00  8.30632586e+01 
 3.70000000e+00  8.41666536e+01 
 3.72000000e+00  8.52731076e+01 
 3.74000000e+00  8.63825717e+01 
 3.76000000e+00  8.74949980e+01 
 3.78000000e+00  8.86103392e+01 
 3.80000000e+00  8.97285487e+01 
 3.82000000e+00  9.08495807e+01 
 3.84000000e+00  9.19733898e+01 
 3.86000000e+00  9.30999318e+01 
 3.88000000e+00  9.42291626e+01 
 3.90000000e+00  9.53610391e+01 
 3.92000000e+00  9.64955187e+01 
 3.94000000e+00  9.76325595e+01 
 3.96000000e+00  9.87721201e+01 
 3.98000000e+00  9.99141597e+01 
 4.00000000e+00  1.01058638e+02 
 4.02000000e+00  1.02205516e+02 
 4.04000000e+00  1.03354754e+02 
 4.06000000e+00  1.04506314e+02 
 4.08000000e+00  1.05660157e+02 
 4.10000000e+00  1.06816247e+02 
 4.12000000e+00  1.07974547e+02 
 4.14000000e+00  1.09135020e+02 
 4.16000000e+00  1.10297630e+02 
 4.18000000e+00  1.11462342e+02 
 4.20000000e+00  1.12629121e+02 
 4.22000000e+00  1.13797932e+02 
 4.24000000e+00  1.14968742e+02 
 4.26000000e+00  1.16141518e+02 
 4.28000000e+00  1.17316225e+02 
 4.30000000e+00  1.18492832e+02 
 4.32000000e+00  1.19671306e+02 
 4.34000000e+00  1.20851616e+02 
 4.36000000e+00  1.22033730e+02 
 4.38000000e+00  1.23217617e+02 
 4.40000000e+00  1.24403247e+02 
 4.42000000e+00  1.25590590e+02 
 4.44000000e+00  1.26779615e+02 
 4.46000000e+00  1.27970294e+02 
 4.48000000e+00  1.29162598e+02 
 4.50000000e+00  1.30356497e+02 
 4.52000000e+00  1.31551964e+02 
 4.54000000e+00  1.32748971e+02 
 4.56000000e+00  1.33947490e+02 
 4.58000000e+00  1.35147494e+02 
 4.60000000e+00  1.36348957e+02 
 4.62000000e+00  1.37551850e+02 
 4.64000000e+00  1.38756150e+02 
 4.66000000e+00  1.39961828e+02 
 4.68000000e+00  1.41168861e+02 
 4.70000000e+00  1.42377222e+02 
 4.72000000e+00  1.43586886e+02 
 4.74000000e+00  1.44797830e+02 
 4.76000000e+00  1.46010028e+02 
 4.78000000e+00  1.47223457e+02 
 4.80000000e+00  1.48438092e+02 
 4.82000000e+00  1.49653910e+02 
 4.84000000e+00  1.50870889e+02 
 4.86000000e+00  1.52089004e+02 
 4.88000000e+00  1.53308233e+02 
 4.90000000e+00  1.54528554e+02 
 4.92000000e+00  1.55749944e+02 
 4.94000000e+00  1.56972382e+02 
 4.96000000e+00  1.58195846e+02 
 4.98000000e+00  1.59420314e+02 
 5.00000000e+00  1.60645765e+02 
