 v-sweep         id             
 0.00000000e+00  9.99946792e-11 
 2.00000000e-02  9.99946792e-11 
 4.00000000e-02  9.99946792e-11 
 6.00000000e-02  9.99946792e-11 
 8.00000000e-02  9.99946792e-11 
 1.00000000e-01  9.99946792e-11 
 1.20000000e-01  9.99946792e-11 
 1.40000000e-01  9.99946792e-11 
 1.60000000e-01  9.99946792e-11 
 1.80000000e-01  9.99946792e-11 
 2.00000000e-01  9.99946792e-11 
 2.20000000e-01  9.99946792e-11 
 2.40000000e-01  9.99946792e-11 
 2.60000000e-01  9.99946792e-11 
 2.80000000e-01  9.99946792e-11 
 3.00000000e-01  9.99946792e-11 
 3.20000000e-01  9.99946792e-11 
 3.40000000e-01  9.99946792e-11 
 3.60000000e-01  9.99946792e-11 
 3.80000000e-01  9.99946792e-11 
 4.00000000e-01  9.99946792e-11 
 4.20000000e-01  9.99946792e-11 
 4.40000000e-01  9.99946792e-11 
 4.60000000e-01  9.99946792e-11 
 4.80000000e-01  9.99946792e-11 
 5.00000000e-01  9.99946792e-11 
 5.20000000e-01  9.99946792e-11 
 5.40000000e-01  9.99946792e-11 
 5.60000000e-01  9.99946792e-11 
 5.80000000e-01  9.99946792e-11 
 6.00000000e-01  9.99946792e-11 
 6.20000000e-01  9.99946792e-11 
 6.40000000e-01  9.99946792e-11 
 6.60000000e-01  9.99946792e-11 
 6.80000000e-01  9.99946792e-11 
 7.00000000e-01  9.99946792e-11 
 7.20000000e-01  9.99946792e-11 
 7.40000000e-01  9.99946792e-11 
 7.60000000e-01  1.00001785e-10 
 7.80000000e-01  1.00001785e-10 
 8.00000000e-01  9.99946792e-11 
 8.20000000e-01  1.00008890e-10 
 8.40000000e-01  1.00008890e-10 
 8.60000000e-01  1.00030206e-10 
 8.80000000e-01  1.00087050e-10 
 9.00000000e-01  1.00243369e-10 
 9.20000000e-01  1.00676800e-10 
 9.40000000e-01  1.01891828e-10 
 9.60000000e-01  1.07242215e-10 
 9.80000000e-01  1.20195409e-10 
 1.00000000e+00  1.56312296e-10 
 1.02000000e+00  2.57053046e-10 
 1.04000000e+00  5.37994538e-10 
 1.06000000e+00  1.32141764e-09 
 1.08000000e+00  3.50600970e-09 
 1.10000000e+00  9.59720836e-09 
 1.12000000e+00  2.65784124e-08 
 1.14000000e+00  7.39070245e-08 
 1.16000000e+00  2.05761644e-07 
 1.18000000e+00  5.72841039e-07 
 1.20000000e+00  1.59357681e-06 
 1.22000000e+00  4.42637392e-06 
 1.24000000e+00  1.22625422e-05 
 1.26000000e+00  3.38227029e-05 
 1.28000000e+00  9.26189890e-05 
 1.30000000e+00  2.50661088e-04 
 1.32000000e+00  6.65734798e-04 
 1.34000000e+00  1.71697534e-03 
 1.36000000e+00  4.23731210e-03 
 1.38000000e+00  9.82358122e-03 
 1.40000000e+00  2.09782697e-02 
 1.42000000e+00  4.06123976e-02 
 1.44000000e+00  7.07813715e-02 
 1.46000000e+00  1.11540558e-01 
 1.48000000e+00  1.61025522e-01 
 1.50000000e+00  2.16559580e-01 
 1.52000000e+00  2.75703031e-01 
 1.54000000e+00  3.36689524e-01 
 1.56000000e+00  3.98180165e-01 
 1.58000000e+00  4.60240287e-01 
 1.60000000e+00  5.21917315e-01 
 1.62000000e+00  5.83096100e-01 
 1.64000000e+00  6.43736545e-01 
 1.66000000e+00  7.03837251e-01 
 1.68000000e+00  7.63415394e-01 
 1.70000000e+00  8.22496051e-01 
 1.72000000e+00  8.81106627e-01 
 1.74000000e+00  9.39274046e-01 
 1.76000000e+00  9.97023433e-01 
 1.78000000e+00  1.05437760e+00 
 1.80000000e+00  1.11135697e+00 
 1.82000000e+00  1.16797964e+00 
 1.84000000e+00  1.22426164e+00 
 1.86000000e+00  1.28021712e+00 
 1.88000000e+00  1.33585862e+00 
 1.90000000e+00  1.39119725e+00 
 1.92000000e+00  1.44624288e+00 
 1.94000000e+00  1.50100434e+00 
 1.96000000e+00  1.55548953e+00 
 1.98000000e+00  1.60970557e+00 
 2.00000000e+00  1.66365889e+00 
 2.02000000e+00  1.71735532e+00 
 2.04000000e+00  1.77080017e+00 
 2.06000000e+00  1.82399832e+00 
 2.08000000e+00  1.87695423e+00 
 2.10000000e+00  1.92967203e+00 
 2.12000000e+00  1.98215554e+00 
 2.14000000e+00  2.03440830e+00 
 2.16000000e+00  2.08643364e+00 
 2.18000000e+00  2.13823465e+00 
 2.20000000e+00  2.18981424e+00 
 2.22000000e+00  2.24117515e+00 
 2.24000000e+00  2.29231998e+00 
 2.26000000e+00  2.34325118e+00 
 2.28000000e+00  2.39397109e+00 
 2.30000000e+00  2.44448193e+00 
 2.32000000e+00  2.49478583e+00 
 2.34000000e+00  2.54488481e+00 
 2.36000000e+00  2.59478083e+00 
 2.38000000e+00  2.64447577e+00 
 2.40000000e+00  2.69397142e+00 
 2.42000000e+00  2.74326954e+00 
 2.44000000e+00  2.79237180e+00 
 2.46000000e+00  2.84127984e+00 
 2.48000000e+00  2.88999524e+00 
 2.50000000e+00  2.93851954e+00 
 2.52000000e+00  2.98685422e+00 
 2.54000000e+00  3.03500075e+00 
 2.56000000e+00  3.08296054e+00 
 2.58000000e+00  3.13073497e+00 
 2.60000000e+00  3.17832539e+00 
 2.62000000e+00  3.22573312e+00 
 2.64000000e+00  3.27295946e+00 
 2.66000000e+00  3.32000566e+00 
 2.68000000e+00  3.36687298e+00 
 2.70000000e+00  3.41356263e+00 
 2.72000000e+00  3.46007579e+00 
 2.74000000e+00  3.50641365e+00 
 2.76000000e+00  3.55257736e+00 
 2.78000000e+00  3.59856805e+00 
 2.80000000e+00  3.64438684e+00 
 2.82000000e+00  3.69003482e+00 
 2.84000000e+00  3.73551308e+00 
 2.86000000e+00  3.78082269e+00 
 2.88000000e+00  3.82596469e+00 
 2.90000000e+00  3.87094011e+00 
 2.92000000e+00  3.91574999e+00 
 2.94000000e+00  3.96039533e+00 
 2.96000000e+00  4.00487712e+00 
 2.98000000e+00  4.04919636e+00 
 3.00000000e+00  4.09335400e+00 
 3.02000000e+00  4.13735102e+00 
 3.04000000e+00  4.18118835e+00 
 3.06000000e+00  4.22486693e+00 
 3.08000000e+00  4.26838770e+00 
 3.10000000e+00  4.31175157e+00 
 3.12000000e+00  4.35495944e+00 
 3.14000000e+00  4.39801221e+00 
 3.16000000e+00  4.44091077e+00 
 3.18000000e+00  4.48365600e+00 
 3.20000000e+00  4.52624876e+00 
 3.22000000e+00  4.56868993e+00 
 3.24000000e+00  4.61098034e+00 
 3.26000000e+00  4.65312085e+00 
 3.28000000e+00  4.69511228e+00 
 3.30000000e+00  4.73695548e+00 
 3.32000000e+00  4.77865125e+00 
 3.34000000e+00  4.82020042e+00 
 3.36000000e+00  4.86160378e+00 
 3.38000000e+00  4.90286213e+00 
 3.40000000e+00  4.94397627e+00 
 3.42000000e+00  4.98494699e+00 
 3.44000000e+00  5.02577504e+00 
 3.46000000e+00  5.06646122e+00 
 3.48000000e+00  5.10700628e+00 
 3.50000000e+00  5.14741098e+00 
 3.52000000e+00  5.18767607e+00 
 3.54000000e+00  5.22780229e+00 
 3.56000000e+00  5.26779039e+00 
 3.58000000e+00  5.30764109e+00 
 3.60000000e+00  5.34735513e+00 
 3.62000000e+00  5.38693323e+00 
 3.64000000e+00  5.42637609e+00 
 3.66000000e+00  5.46568444e+00 
 3.68000000e+00  5.50485897e+00 
 3.70000000e+00  5.54390038e+00 
 3.72000000e+00  5.58280937e+00 
 3.74000000e+00  5.62158662e+00 
 3.76000000e+00  5.66023282e+00 
 3.78000000e+00  5.69874864e+00 
 3.80000000e+00  5.73713475e+00 
 3.82000000e+00  5.77539183e+00 
 3.84000000e+00  5.81352053e+00 
 3.86000000e+00  5.85152151e+00 
 3.88000000e+00  5.88939542e+00 
 3.90000000e+00  5.92714292e+00 
 3.92000000e+00  5.96476464e+00 
 3.94000000e+00  6.00226122e+00 
 3.96000000e+00  6.03963330e+00 
 3.98000000e+00  6.07688149e+00 
 4.00000000e+00  6.11400644e+00 
 4.02000000e+00  6.15100875e+00 
 4.04000000e+00  6.18788905e+00 
 4.06000000e+00  6.22464794e+00 
 4.08000000e+00  6.26128603e+00 
 4.10000000e+00  6.29780392e+00 
 4.12000000e+00  6.33420222e+00 
 4.14000000e+00  6.37048150e+00 
 4.16000000e+00  6.40664237e+00 
 4.18000000e+00  6.44268541e+00 
 4.20000000e+00  6.47861120e+00 
 4.22000000e+00  6.51442032e+00 
 4.24000000e+00  6.55011334e+00 
 4.26000000e+00  6.58569084e+00 
 4.28000000e+00  6.62115337e+00 
 4.30000000e+00  6.65650150e+00 
 4.32000000e+00  6.69173579e+00 
 4.34000000e+00  6.72685679e+00 
 4.36000000e+00  6.76186505e+00 
 4.38000000e+00  6.79676112e+00 
 4.40000000e+00  6.83154554e+00 
 4.42000000e+00  6.86621885e+00 
 4.44000000e+00  6.90078160e+00 
 4.46000000e+00  6.93523430e+00 
 4.48000000e+00  6.96957749e+00 
 4.50000000e+00  7.00381169e+00 
 4.52000000e+00  7.03793743e+00 
 4.54000000e+00  7.07195523e+00 
 4.56000000e+00  7.10586559e+00 
 4.58000000e+00  7.13966904e+00 
 4.60000000e+00  7.17336607e+00 
 4.62000000e+00  7.20695720e+00 
 4.64000000e+00  7.24044292e+00 
 4.66000000e+00  7.27382374e+00 
 4.68000000e+00  7.30710015e+00 
 4.70000000e+00  7.34027264e+00 
 4.72000000e+00  7.37334170e+00 
 4.74000000e+00  7.40630782e+00 
 4.76000000e+00  7.43917148e+00 
 4.78000000e+00  7.47193315e+00 
 4.80000000e+00  7.50459332e+00 
 4.82000000e+00  7.53715246e+00 
 4.84000000e+00  7.56961104e+00 
 4.86000000e+00  7.60196953e+00 
 4.88000000e+00  7.63422838e+00 
 4.90000000e+00  7.66638807e+00 
 4.92000000e+00  7.69844905e+00 
 4.94000000e+00  7.73041178e+00 
 4.96000000e+00  7.76227670e+00 
 4.98000000e+00  7.79404428e+00 
 5.00000000e+00  7.82571496e+00 
